date|symbol|symbol_name|delta|gamma|vega|theta|rho
20181022|SR901C4400.CZC|白糖期权SR901-C-4400|1|-2.26967009602226E-15|0|0|0
20181022|SR901C4500.CZC|白糖期权SR901-C-4500|1|-2.26967009602226E-15|0|0|0
20181022|SR901C4600.CZC|白糖期权SR901-C-4600|0.997868427426872|7.32998708563121E-05|0.0894642145112812|-0.0160149714568953|-0.0451389556701542
20181022|SR901C4700.CZC|白糖期权SR901-C-4700|0.984642397339973|0.000179184806669994|0.615378023780977|-0.115159563819296|-0.147286889728093
20181022|SR901C4800.CZC|白糖期权SR901-C-4800|0.954162527613381|0.000399739422810443|1.48191975671352|-0.312954027514577|-0.186548406929887
20181022|SR901C4900.CZC|白糖期权SR901-C-4900|0.89391923031086|0.00074723499053439|2.77971132300081|-0.619779606982028|-0.182262149110102
20181022|SR901C5000.CZC|白糖期权SR901-C-5000|0.793954472165476|0.00115861376386491|4.64342424007214|-0.980991892125595|-0.153497276613734
20181022|SR901C5100.CZC|白糖期权SR901-C-5100|0.656243021115343|0.00149569833902323|5.92836683196651|-1.27718407822394|-0.114509615713132
20181022|SR901C5200.CZC|白糖期权SR901-C-5200|0.496984227163678|0.00162240256106627|6.39977287258375|-1.39083498530864|-0.0765908362012624
20181022|SR901C5300.CZC|白糖期权SR901-C-5300|0.34099322145516|0.00149250575131865|5.84591881362684|-1.28205514321548|-0.0461139746334993
20181022|SR901C5400.CZC|白糖期权SR901-C-5400|0.21043945768503|0.0011747169028128|4.51914708713375|-1.01020544386322|-0.0249849667142144
20181022|SR901C5500.CZC|白糖期权SR901-C-5500|0.116469181732643|0.000797392065705108|3.26682628087838|-0.686177644762027|-0.0122169059668664
20181022|SR901C5600.CZC|白糖期权SR901-C-5600|0.0578299274032647|0.000470947706496049|1.86921191224432|-0.405432255902805|-0.00540994188646948
20181022|SR901C5700.CZC|白糖期权SR901-C-5700|0.0256648015420659|0.000243226811309488|0.904585837291805|-0.209448893819265|-0.0021536782184306
20181022|SR901C5800.CZC|白糖期权SR901-C-5800|0.0102773857125382|0.000111055876603807|0.449243495580953|-0.0956512255606144|-0.000781123568160957
20181022|SR901C5900.CZC|白糖期权SR901-C-5900|0.00368050394017681|4.47561580078298E-05|0.160631946780843|-0.0385533050811382|-0.000254807478228258
20181022|SR901C6000.CZC|白糖期权SR901-C-6000|0.00120362283978353|1.62290436305315E-05|0.0625709412755693|-0.0139812104476819|-7.66317184430765E-05
20181022|SR901C6100.CZC|白糖期权SR901-C-6100|0.000354836361779253|5.25690227115861E-06|0.0218684960451472|-0.00452912865728022|-2.08611474206144E-05
20181022|SR901C6200.CZC|白糖期权SR901-C-6200|9.46419750100201E-05|1.52835924826322E-06|0.0068545720069875|-0.0013168484728265|-5.16434346849171E-06
20181022|SR901C6300.CZC|白糖期权SR901-C-6300|2.30605953523046E-05|4.02845402949813E-07|0.00137587552774413|-0.000347111369917522|-1.17605383179349E-06
20181022|SR901C6400.CZC|白糖期权SR901-C-6400|5.1872146945536E-06|9.73186031514472E-08|0.000336997541489927|-8.38575492738002E-05|-2.48412014482863E-07
20181022|SR901C6500.CZC|白糖期权SR901-C-6500|1.06920617289088E-06|2.14323754203922E-08|7.39158498995512E-05|-1.84684124116131E-05|-4.8253913180734E-08
20181022|SR901C6600.CZC|白糖期权SR901-C-6600|2.02395088984783E-07|4.31516605793267E-09|1.45092986319121E-05|-3.71849740693902E-06|-8.63601070775382E-09
20181022|SR901C6700.CZC|白糖期权SR901-C-6700|3.53844901628192E-08|7.99040444916826E-10|3.98406307094916E-06|-6.88569299792793E-07|-1.42974410001681E-09
20181022|SR901P4400.CZC|白糖期权SR901-P-4400|-0.000203830524470928|3.13754670941495E-06|0.0140110640429458|-0.00270323139698515|-1.18490501802709E-05
20181022|SR901P4500.CZC|白糖期权SR901-P-4500|-0.00111453460018589|1.51345156352377E-05|0.0541908716028688|-0.0130382110530894|-7.22538503472592E-05
20181022|SR901P4600.CZC|白糖期权SR901-P-4600|-0.0047956752517268|5.66807310484768E-05|0.219126626143984|-0.048822907644565|-0.000349136198951605
20181022|SR901P4700.CZC|白糖期权SR901-P-4700|-0.016367489169391|0.000166126604700588|0.694986885140247|-0.143067288287719|-0.00134384257188813
20181022|SR901P4800.CZC|白糖期权SR901-P-4800|-0.0455939799849315|0.00038985416872258|1.51424968865221|-0.335639792606328|-0.00426314273749284
20181022|SR901P4900.CZC|白糖期权SR901-P-4900|-0.104936448289392|0.000740208409907867|2.79025220147666|-0.636981891509047|-0.0112099200251237
20181022|SR901P5000.CZC|白糖期权SR901-P-5000|-0.204299347265224|0.00115416062145076|4.64809191604587|-0.992471047444659|-0.0251168472722441
20181022|SR901P5100.CZC|白糖期权SR901-P-5100|-0.341674350270941|0.0014936055185626|5.9288171848948|-1.28276031887089|-0.0484632333908053
20181022|SR901P5200.CZC|白糖期权SR901-P-5200|-0.500835413649074|0.0016225586147545|6.39978715328482|-1.3904140125302|-0.0816638596887742
20181022|SR901P5300.CZC|白糖期权SR901-P-5300|-0.656952894350862|0.00149491813038812|5.84565606902743|-1.27564326185417|-0.121668053253643
20181022|SR901P5400.CZC|白糖期权SR901-P-5400|-0.787855574335099|0.00117950182447122|4.51627798560139|-0.997900961496368|-0.161791136946476
20181022|SR901P5500.CZC|白糖期权SR901-P-5500|-0.882402292563707|0.000804744715592913|3.2497968915095|-0.6681452992627|-0.192570295837413
20181022|SR901P5600.CZC|白糖期权SR901-P-5600|-0.941856587693108|0.000481105596267187|1.83658818713184|-0.381871574706695|-0.203098867984863
20181022|SR901P5700.CZC|白糖期权SR901-P-5700|-0.975095154574949|0.000256439503319929|0.848381981882085|-0.180567901592212|-0.181357725580256
20181022|SR901P5800.CZC|白糖期权SR901-P-5800|-0.991821648431624|0.000127555405742568|0.334980516981886|-0.0616413442766576|-0.117500500209644
20181022|SR901P5900.CZC|白糖期权SR901-P-5900|-0.999866262804713|2.93854542972256E-05|0|0|0
20181022|SR901P6000.CZC|白糖期权SR901-P-6000|-1|2.26967009602226E-15|0|0|0
20181022|SR901P6100.CZC|白糖期权SR901-P-6100|-1|2.26967009602226E-15|0|0|0
20181022|SR901P6200.CZC|白糖期权SR901-P-6200|-1|2.26967009602226E-15|0|0|0
20181022|SR901P6300.CZC|白糖期权SR901-P-6300|-1|2.26967009602226E-15|0|0|0
20181022|SR901P6400.CZC|白糖期权SR901-P-6400|-1|2.26967009602226E-15|0|0|0
20181022|SR901P6500.CZC|白糖期权SR901-P-6500|-1|2.26967009602226E-15|0|0|0
20181022|SR901P6600.CZC|白糖期权SR901-P-6600|-1|2.26967009602226E-15|0|0|0
20181022|SR901P6700.CZC|白糖期权SR901-P-6700|-1|2.26967009602226E-15|0|0|0
20181022|SR903C4300.CZC|白糖期权SR903-C-4300|0.986139446039332|9.9769351014108E-05|0.787982995802849|-0.0709006611570753|-0.511331802613313
20181022|SR903C4400.CZC|白糖期权SR903-C-4400|0.971396144687987|0.000144390200687005|1.57471933471243|-0.145538308654882|-0.730465143533365
20181022|SR903C4500.CZC|白糖期权SR903-C-4500|0.950818735066|0.000204076538614392|2.60835653693903|-0.242593470310998|-0.85698719942684
20181022|SR903C4600.CZC|白糖期权SR903-C-4600|0.923036085636011|0.000277933658336325|3.89689590224407|-0.360670074894044|-0.910995297658701
20181022|SR903C4700.CZC|白糖期权SR903-C-4700|0.886575437765251|0.000363218506725828|4.93982523607883|-0.495579947857167|-0.911386895836586
20181022|SR903C4800.CZC|白糖期权SR903-C-4800|0.841135559086486|0.00045409051814574|6.50857881942102|-0.638502883042221|-0.870389437636732
20181022|SR903C4900.CZC|白糖期权SR903-C-4900|0.786723757761771|0.000543553266093155|7.59845553329797|-0.778875212591019|-0.801844319823886
20181022|SR903C5000.CZC|白糖期权SR903-C-5000|0.724308387266272|0.000623743120384229|9.01407406757926|-0.904845310804639|-0.716296222037727
20181022|SR903C5100.CZC|白糖期权SR903-C-5100|0.655496256206026|0.000687224183941526|9.80665779201217|-1.00520965234744|-0.623274486542869
20181022|SR903C5200.CZC|白糖期权SR903-C-5200|0.582675914819532|0.000729138172169127|10.3779913018798|-1.07267183463187|-0.527847410069171
20181022|SR903C5300.CZC|白糖期权SR903-C-5300|0.508259403666146|0.000744905145618603|10.6885584290524|-1.10032031094028|-0.438643536938343
20181022|SR903C5400.CZC|白糖期权SR903-C-5400|0.434943629612199|0.000735307955833991|10.5745763182199|-1.08936390603557|-0.356110374639229
20181022|SR903C5500.CZC|白糖期权SR903-C-5500|0.365006420200307|0.000702582460538768|10.184037105617|-1.04318327712412|-0.283071552317438
20181022|SR903C5600.CZC|白糖期权SR903-C-5600|0.300336165071359|0.000650739569514094|9.54827156135707|-0.967831335748225|-0.220281188276772
20181022|SR903C5700.CZC|白糖期权SR903-C-5700|0.242478444924786|0.000584859829306992|8.20982025101102|-0.870966736371576|-0.168792426009645
20181022|SR903C5800.CZC|白糖期权SR903-C-5800|0.192104796356531|0.000511122535076875|7.19804129214907|-0.761922396018886|-0.126959675085914
20181022|SR903C5900.CZC|白糖期权SR903-C-5900|0.149364329827401|0.000434995855658769|6.14388692749657|-0.648960159335521|-0.0938251255035993
20181022|SR903C6000.CZC|白糖期权SR903-C-6000|0.114018131143657|0.000360982153122605|5.10526150242185|-0.538888134385694|-0.0681694755861884
20181022|SR903C6100.CZC|白糖期权SR903-C-6100|0.0854902875781509|0.000292453850095827|4.12987203073101|-0.436816077427615|-0.0487047135884211
20181022|SR903C6200.CZC|白糖期权SR903-C-6200|0.0629903796331685|0.000231577495926206|3.25229410131556|-0.346039735458817|-0.0342422142249887
20181022|SR903C6300.CZC|白糖期权SR903-C-6300|0.0456270931701211|0.000179411097112575|2.49322737204949|-0.268185868490457|-0.0237050828459928
20181022|SR903C6400.CZC|白糖期权SR903-C-6400|0.0325007608953541|0.000136111355365956|1.86056366427234|-0.203522816401188|-0.0161643021270308
20181022|SR903C6500.CZC|白糖期权SR903-C-6500|0.0227693810117377|0.000101186569454975|1.35172890301316|-0.151340088729594|-0.0108496616810783
20181022|SR903C6600.CZC|白糖期权SR903-C-6600|0.0157497204964335|7.39402378179169E-05|1.14437836576053|-0.11061302722382|-0.0072075198258581
20181022|SR903P4300.CZC|白糖期权SR903-P-4300|-0.0176608067386652|8.15692472128917E-05|1.09929593861402|-0.122000085745635|-0.00872844376331727
20181022|SR903P4400.CZC|白糖期权SR903-P-4400|-0.0303335508882941|0.000128544692351991|1.79879864692456|-0.19218334825061|-0.016014455374247
20181022|SR903P4500.CZC|白糖期权SR903-P-4500|-0.0491590425639773|0.000190434001237833|2.77056109914398|-0.284575281674035|-0.0277083514728105
20181022|SR903P4600.CZC|白糖期权SR903-P-4600|-0.0754821624477806|0.000266355244965434|4.01682012653382|-0.397795921876355|-0.0453865150298327
20181022|SR903P4700.CZC|白糖期权SR903-P-4700|-0.110731758298202|0.000353574346757724|4.99441381752774|-0.527666848807678|-0.0713149516542444
20181022|SR903P4800.CZC|白糖期权SR903-P-4800|-0.155200941023735|0.000446266940439365|6.54685229687857|-0.665390333740075|-0.106826867671828
20181022|SR903P4900.CZC|白糖期权SR903-P-4900|-0.20885361963482|0.000537452378491395|7.61114754135406|-0.800424136198725|-0.153679455976885
20181022|SR903P5000.CZC|白糖期权SR903-P-5000|-0.270706186631458|0.000619282499542125|9.022484796958|-0.920937681533489|-0.212662108424411
20181022|SR903P5100.CZC|白糖期权SR903-P-5100|-0.339131322419823|0.000684344322847527|9.80758894004907|-1.01576032314052|-0.284460917669094
20181022|SR903P5200.CZC|白糖期权SR903-P-5200|-0.411742033792036|0.000727799714810471|10.3782559791057|-1.07762434304639|-0.366955934055113
20181022|SR903P5300.CZC|白糖期权SR903-P-5300|-0.486094229518397|0.000745086989154686|10.6886114516271|-1.0996439481822|-0.460503179880334
20181022|SR903P5400.CZC|白糖期权SR903-P-5400|-0.559501465623617|0.000737014684613066|10.5744665648899|-1.08306558245993|-0.560751330908715
20181022|SR903P5500.CZC|白糖期权SR903-P-5500|-0.629681387339896|0.000705835315155164|10.1809146281084|-1.03129348334954|-0.663626226526048
20181022|SR903P5600.CZC|白糖期权SR903-P-5600|-0.694741281263533|0.000655575668025553|9.53574456991646|-0.950403182938724|-0.764041590514353
20181022|SR903P5700.CZC|白糖期权SR903-P-5700|-0.753125022855407|0.000591331069932286|8.19754016333718|-0.848074679476045|-0.858562372116012
20181022|SR903P5800.CZC|白糖期权SR903-P-5800|-0.80416888894887|0.000519294013911048|7.1718702479302|-0.733659724197471|-0.940550820018871
20181022|SR903P5900.CZC|白糖期权SR903-P-5900|-0.847726282082644|0.00044493956887346|6.0961397363144|-0.615429384227618|-1.00342634550543
20181022|SR903P6000.CZC|白糖期权SR903-P-6000|-0.88403731568913|0.000372776106554918|5.02738227942245|-0.500199817971813|-1.0408184765538
20181022|SR903P6100.CZC|白糖期权SR903-P-6100|-0.913679703999963|0.000306179936431433|4.01262943739766|-0.393085674131726|-1.04644731766257
20181022|SR903P6200.CZC|白糖期权SR903-P-6200|-0.937446058097724|0.000247319131657651|3.08597423338597|-0.297384060559364|-1.01478222734386
20181022|SR903P6300.CZC|白糖期权SR903-P-6300|-0.956230155565978|0.000197255139541491|2.26805315537604|-0.21472597381597|-0.939320225597839
20181022|SR903P6400.CZC|白糖期权SR903-P-6400|-0.970934007973863|0.00015612961309422|1.56612906016562|-0.145356265693887|-0.814869261148488
20181022|SR903P6500.CZC|白糖期权SR903-P-6500|-0.982402726122795|0.000123518029411162|0.977235054506309|-0.088664223726243|-0.63574813066225
20181022|SR903P6600.CZC|白糖期权SR903-P-6600|-0.991307494200079|9.82324661230793E-05|0.562801467822283|-0.042888250798952|-0.393226372807476
20181022|SR905C4300.CZC|白糖期权SR905-C-4300|0.999999999999998|1.46055453276409E-05|0|0|0
20181022|SR905C4400.CZC|白糖期权SR905-C-4400|0.987280518708896|0.000141181017894505|0.924695109915774|-0.0311115732173463|-0.504611238284269
20181022|SR905C4500.CZC|白糖期权SR905-C-4500|0.967266592711329|0.000201421795970746|2.19651698455436|-0.0810948534946236|-0.892827548682362
20181022|SR905C4600.CZC|白糖期权SR905-C-4600|0.939466760656817|0.000283792859381445|3.73485531167717|-0.146376280424839|-1.10635019984784
20181022|SR905C4700.CZC|白糖期权SR905-C-4700|0.901807053287114|0.000385723364902316|5.54639792426315|-0.225077304754205|-1.18914523625335
20181022|SR905C4800.CZC|白糖期权SR905-C-4800|0.852907007028575|0.000499978857168555|7.55084561313879|-0.312036914353142|-1.17604223680701
20181022|SR905C4900.CZC|白糖期权SR905-C-4900|0.792491615274618|0.000615527508486181|9.57678701223585|-0.399428363747296|-1.09661952126316
20181022|SR905C5000.CZC|白糖期权SR905-C-5000|0.721597538578109|0.000719479320900053|11.3869309037682|-0.478130261752332|-0.975901897334097
20181022|SR905C5100.CZC|白糖期权SR905-C-5100|0.642423832527489|0.000799222105514139|12.4019426328914|-0.539226739447989|-0.83568268973977
20181022|SR905C5200.CZC|白糖期权SR905-C-5200|0.558279076050655|0.000844676735280566|13.2991729458638|-0.57559897695164|-0.692742163238336
20181022|SR905C5300.CZC|白糖期权SR905-C-5300|0.473101594056112|0.000852410777772564|13.4266465247492|-0.584848489732534|-0.55544541842778
20181022|SR905C5400.CZC|白糖期权SR905-C-5400|0.390603090958217|0.000822565105370517|13.104826048945|-0.567081750371144|-0.432320324009083
20181022|SR905C5500.CZC|白糖期权SR905-C-5500|0.314155587361951|0.000760594174544114|11.9660828973167|-0.526166430050689|-0.327848573789424
20181022|SR905C5600.CZC|白糖期权SR905-C-5600|0.245962751844255|0.000675839451294876|10.920903843342|-0.468732004227705|-0.241341501819647
20181022|SR905C5700.CZC|白糖期权SR905-C-5700|0.18768941651789|0.000577879397662846|9.02033126606483|-0.401558103622772|-0.173749150448543
20181022|SR905C5800.CZC|白糖期权SR905-C-5800|0.139508154173108|0.00047658895993881|7.69876891697052|-0.331661642140536|-0.121790507936481
20181022|SR905C5900.CZC|白糖期权SR905-C-5900|0.100986079494788|0.000379673732589705|5.7527510061739|-0.26452439771511|-0.0832165659723216
20181022|SR905C6000.CZC|白糖期权SR905-C-6000|0.0714796123626556|0.000292973409304842|4.59063271549276|-0.204303134762359|-0.0558488746822405
20181022|SR905C6100.CZC|白糖期权SR905-C-6100|0.0493055024499406|0.000219045331122573|3.56689191629478|-0.152862200824969|-0.036528333795971
20181022|SR905C6200.CZC|白糖期权SR905-C-6200|0.0331531852080838|0.00015882353746132|2.69806374453108|-0.110903141874249|-0.0233010416783586
20181022|SR905C6300.CZC|白糖期权SR905-C-6300|0.0218611652307426|0.000112179644645993|1.6816294559332|-0.0783709665410351|-0.0146545592545344
20181022|SR905C6400.CZC|白糖期权SR905-C-6400|0.0141110020934755|7.71879828367115E-05|1.18903551546712|-0.0539469790591751|-0.0090359869595602
20181022|SR905C6500.CZC|白糖期权SR905-C-6500|0.00890964901749547|5.17522196017296E-05|0.818426809505501|-0.0361822431548827|-0.00545539600960154
20181022|SR905P4300.CZC|白糖期权SR905-P-4300|-0.0103627111999716|5.90715796669953E-05|0.974502721279746|-0.0412879841945221|-0.00678408365595295
20181022|SR905P4400.CZC|白糖期权SR905-P-4400|-0.0200499200790206|0.000104231515677215|1.66050317811273|-0.0728082772713155|-0.0140985477767863
20181022|SR905P4500.CZC|白糖期权SR905-P-4500|-0.0360220873830778|0.000169941070387109|2.66295436933195|-0.118618589776707|-0.0272177790074934
20181022|SR905P4600.CZC|白糖期权SR905-P-4600|-0.0604880127706247|0.000257468369983227|4.0195988906504|-0.179542091268533|-0.0491733979313125
20181022|SR905P4700.CZC|白糖期权SR905-P-4700|-0.0954442744916657|0.000364154175166897|5.71134970840603|-0.253631382661227|-0.0835168488784177
20181022|SR905P4800.CZC|白糖期权SR905-P-4800|-0.142204177826415|0.000482820439148614|7.63950719952078|-0.335759147726228|-0.134003439150376
20181022|SR905P4900.CZC|白糖期权SR905-P-4900|-0.200986260617037|0.000602482750179609|9.62052872272778|-0.418126847997056|-0.203792998156871
20181022|SR905P5000.CZC|白糖期权SR905-P-5000|-0.270707556735476|0.000710307587116984|11.4068052008918|-0.491648302766369|-0.294922844020107
20181022|SR905P5100.CZC|白糖期权SR905-P-5100|-0.349122511734068|0.000793750225247838|12.4035327682037|-0.547451023522353|-0.407898682013297
20181022|SR905P5200.CZC|白糖期权SR905-P-5200|-0.432883657883766|0.000842793456346112|13.2989161500632|-0.578455910904995|-0.541605307148529
20181022|SR905P5300.CZC|白糖期权SR905-P-5300|-0.51805303457919|0.0008540795703381|13.4268614161783|-0.582314048494586|-0.689289752955347
20181022|SR905P5400.CZC|白糖期权SR905-P-5400|-0.600892565718213|0.000827820601647335|13.1005781181557|-0.559179088347815|-0.844715224218362
20181022|SR905P5500.CZC|白糖期权SR905-P-5500|-0.678017334883308|0.000769523331842758|11.9565437764777|-0.512952466504411|-0.99850712888383
20181022|SR905P5600.CZC|白糖期权SR905-P-5600|-0.747240692923418|0.000688587104757981|10.8771439006432|-0.450301793583761|-1.13637868065553
20181022|SR905P5700.CZC|白糖期权SR905-P-5700|-0.806877830705161|0.000594628625504172|8.95584730136534|-0.378031207211197|-1.24729104089738
20181022|SR905P5800.CZC|白糖期权SR905-P-5800|-0.856781116861325|0.000497556098986664|7.55359318634419|-0.303178470857075|-1.31540301845234
20181022|SR905P5900.CZC|白糖期权SR905-P-5900|-0.897389037535112|0.000405092213137521|5.56119458019566|-0.23123446293976|-1.3235728130212
20181022|SR905P6000.CZC|白糖期权SR905-P-6000|-0.929337537738953|0.00032309720512339|4.26091526969685|-0.166369411626889|-1.26262013407086
20181022|SR905P6100.CZC|白糖期权SR905-P-6100|-0.954342368479238|0.000254117968369539|3.04330608787495|-0.110436566818074|-1.1112833600464
20181022|SR905P6200.CZC|白糖期权SR905-P-6200|-0.973721311369806|0.000199140708347536|1.92008064436777|-0.0641716580556423|-0.854360748576255
20181022|SR905P6300.CZC|白糖期权SR905-P-6300|-0.988635443596239|0.000158251545412341|0.802655252073237|-0.0276692402683859|-0.488988559482095
20181022|SR905P6400.CZC|白糖期权SR905-P-6400|-0.999613862996216|5.22400869043995E-05|0|0|0
20181022|SR905P6500.CZC|白糖期权SR905-P-6500|-0.999999999999998|0|0|0|0
20181022|SR907C4400.CZC|白糖期权SR907-C-4400|0.978915146570121|0.000175392550572917|1.68932009876244|-0.0371764476268811|-0.883243292832958
20181022|SR907C4500.CZC|白糖期权SR907-C-4500|0.954851265092219|0.000234612458752211|3.45843334173424|-0.0805003743182928|-1.35785913198561
20181022|SR907C4600.CZC|白糖期权SR907-C-4600|0.923597818515493|0.000309983380302363|5.53796321662503|-0.133301727913887|-1.61427636373901
20181022|SR907C4700.CZC|白糖期权SR907-C-4700|0.883599032430703|0.00039835911817414|7.2534869982519|-0.193613749423948|-1.71203470006276
20181022|SR907C4800.CZC|白糖期权SR907-C-4800|0.834200150475294|0.000493090769644726|9.65966735435586|-0.257356351932763|-1.6903105369579
20181022|SR907C4900.CZC|白糖期权SR907-C-4900|0.775796050311823|0.000585948637310449|12.0006067515988|-0.319508847047412|-1.58289974604031
20181022|SR907C5000.CZC|白糖期权SR907-C-5000|0.708987256230766|0.000667361050858081|13.4756784776187|-0.374216463673867|-1.42757115565928
20181022|SR907C5100.CZC|白糖期权SR907-C-5100|0.636139883425649|0.00072978507277485|15.0543033583403|-0.416910461498276|-1.24263768299215
20181022|SR907C5200.CZC|白糖期权SR907-C-5200|0.559518405346795|0.000766035359634515|15.7312258664604|-0.44320478551421|-1.05171993018871
20181022|SR907C5300.CZC|白糖期权SR907-C-5300|0.482139233040307|0.000774632096767672|15.9875018837852|-0.452233384253315|-0.863997943326922
20181022|SR907C5400.CZC|白糖期权SR907-C-5400|0.406848144467598|0.000754147993105267|15.5037277293388|-0.443115805110802|-0.695199472858121
20181022|SR907C5500.CZC|白糖期权SR907-C-5500|0.336079181036646|0.000709341447475158|14.7292332232354|-0.418783038557516|-0.545425071720729
20181022|SR907C5600.CZC|白糖期权SR907-C-5600|0.271664954906623|0.000645634783762836|13.6228536805021|-0.382554497839533|-0.417872626215399
20181022|SR907C5700.CZC|白糖期权SR907-C-5700|0.215055862366381|0.000569185320209053|11.4825191287835|-0.338188588865569|-0.313977676199784
20181022|SR907C5800.CZC|白糖期权SR907-C-5800|0.166814011984192|0.000486963709093549|9.93105047705711|-0.289955830382153|-0.231455515042001
20181022|SR907C5900.CZC|白糖期权SR907-C-5900|0.12674855169979|0.000404997476065505|8.3623202610994|-0.241561286995657|-0.16720466391007
20181022|SR907C6000.CZC|白糖期权SR907-C-6000|0.0943794099326515|0.000327846355434072|6.85524456755715|-0.195812726428392|-0.118492872832832
20181022|SR907C6100.CZC|白糖期权SR907-C-6100|0.0689108347978862|0.000258646347819851|5.47119020254527|-0.154654150064346|-0.0824124558764794
20181022|SR907C6200.CZC|白糖期权SR907-C-6200|0.0493704889074508|0.000199121757568159|4.25078961965397|-0.119171495571234|-0.0563423430772758
20181022|SR907P4400.CZC|白糖期权SR907-P-4400|-0.0292067111988356|0.000129818611325766|2.68709252391552|-0.0777470118470027|-0.0333083623234032
20181022|SR907P4500.CZC|白糖期权SR907-P-4500|-0.048267857407202|0.00019558049291746|4.13913775357599|-0.116999115002797|-0.0588016254106094
20181022|SR907P4600.CZC|白糖期权SR907-P-4600|-0.0753823992151979|0.000277214080111357|6.00152857783343|-0.165603245576002|-0.0980706179873891
20181022|SR907P4700.CZC|白糖期权SR907-P-4700|-0.112000441759714|0.000371396794605846|7.46577866492615|-0.221477062668752|-0.155959244821702
20181022|SR907P4800.CZC|白糖期权SR907-P-4800|-0.158708321686751|0.000471531271702899|9.78642459650558|-0.280564636470635|-0.236367840365403
20181022|SR907P4900.CZC|白糖期权SR907-P-4900|-0.215063781048499|0.000569454013830237|12.0793688233931|-0.337879854628499|-0.341461641255592
20181022|SR907P5000.CZC|白糖期权SR907-P-5000|-0.280361883763096|0.000655653948906291|13.4933594137578|-0.38759763863784|-0.475699550264608
20181022|SR907P5100.CZC|白糖期权SR907-P-5100|-0.352239738045431|0.000722665008519451|15.0626384367172|-0.425191639614592|-0.634919439733039
20181022|SR907P5200.CZC|白糖期权SR907-P-5200|-0.428350734347786|0.000763382599235369|15.7309127782241|-0.446319821768339|-0.819644653773821
20181022|SR907P5300.CZC|白糖期权SR907-P-5300|-0.505700080559629|0.000776401478727434|15.9865875639866|-0.450157292957799|-1.01903119573876
20181022|SR907P5400.CZC|白糖期权SR907-P-5400|-0.581369456598669|0.000760363587458422|15.5023007544628|-0.435861629586933|-1.2297937479957
20181022|SR907P5500.CZC|白糖期权SR907-P-5500|-0.652955057193726|0.000720103511786017|14.7136611751648|-0.406406726672246|-1.43648498186622
20181022|SR907P5600.CZC|白糖期权SR907-P-5600|-0.718620315720424|0.000661093947284018|13.5656210377988|-0.365138627397433|-1.62292497270755
20181022|SR907P5700.CZC|白糖期权SR907-P-5700|-0.776892334904886|0.000589542389927237|11.406904168382|-0.315843355077276|-1.77662873284135
20181022|SR907P5800.CZC|白糖期权SR907-P-5800|-0.827222219584307|0.000512464155420787|9.77409737959078|-0.262815832767164|-1.88176703318277
20181022|SR907P5900.CZC|白糖期权SR907-P-5900|-0.869819563744196|0.000435908829807446|8.0821830010791|-0.209770919388715|-1.91687540097973
20181022|SR907P6000.CZC|白糖期权SR907-P-6000|-0.905171535474891|0.000364455033735703|6.40493128912567|-0.159524890294141|-1.8651243211707
20181022|SR907P6100.CZC|白糖期权SR907-P-6100|-0.934082687259925|0.000301248843111137|4.79657417838553|-0.114025027167054|-1.70660558467262
20181022|SR907P6200.CZC|白糖期权SR907-P-6200|-0.957535634969441|0.000248057384769788|3.29818197485565|-0.0743803216001937|-1.42437791475913
20181022|SR909C4400.CZC|白糖期权SR909-C-4400|0.978051063743544|0.000184049261692879|2.03186598844241|-0.0300348319754017|-1.10304681413709
20181022|SR909C4500.CZC|白糖期权SR909-C-4500|0.953258917423684|0.000232981875340601|3.84232455780875|-0.0651062170126406|-1.76089282660996
20181022|SR909C4600.CZC|白糖期权SR909-C-4600|0.922511557528636|0.000294125216903559|6.23554811465965|-0.106765678928564|-2.14864849408514
20181022|SR909C4700.CZC|白糖期权SR909-C-4700|0.884955548212068|0.00036459039746103|8.2369203506687|-0.153342521781279|-2.32615434845229
20181022|SR909C4800.CZC|白糖期权SR909-C-4800|0.839931197055567|0.000440109403353204|11.0085714027264|-0.202381488463981|-2.34672117335322
20181022|SR909C4900.CZC|白糖期权SR909-C-4900|0.787486681057304|0.000514971853399122|12.9887024851882|-0.250620176190259|-2.25545073948297
20181022|SR909C5000.CZC|白糖期权SR909-C-5000|0.728528400093082|0.000583279902340748|14.7901047365053|-0.294710123751251|-2.08438028829505
20181022|SR909C5100.CZC|白糖期权SR909-C-5100|0.66404447986778|0.000638845391672698|16.8576566932188|-0.331120758216171|-1.86976001270978
20181022|SR909C5200.CZC|白糖期权SR909-C-5200|0.595925469729849|0.000677137119895366|17.864126492384|-0.357288606604979|-1.63467382344606
20181022|SR909C5300.CZC|白糖期权SR909-C-5300|0.526247338024569|0.000695609808308087|18.4059468508622|-0.371783073861255|-1.39438167329331
20181022|SR909C5400.CZC|白糖期权SR909-C-5400|0.457061527781331|0.000693349055148305|18.4521228234757|-0.374095411790249|-1.16335332614881
20181022|SR909C5500.CZC|白糖期权SR909-C-5500|0.390325322859707|0.000671355268091031|18.0049751723743|-0.364806688045513|-0.95152687498512
20181022|SR909C5600.CZC|白糖期权SR909-C-5600|0.327730416638522|0.000632274811669253|17.1027293787631|-0.345435035527193|-0.763763491221425
20181022|SR909C5700.CZC|白糖期权SR909-C-5700|0.270579100837687|0.000579920506861757|15.8157546412667|-0.318163629221374|-0.602478089319902
20181022|SR909C5800.CZC|白糖期权SR909-C-5800|0.219720952014318|0.00051868868596376|14.239038791203|-0.285509997338237|-0.467468135127547
20181022|SR909P4400.CZC|白糖期权SR909-P-4400|-0.0327499853503648|0.000128555044765609|3.57961210901347|-0.0715039889351351|-0.0555734563221222
20181022|SR909P4500.CZC|白糖期权SR909-P-4500|-0.0513682325827429|0.00018512961941034|4.76369156141487|-0.102824694388235|-0.0926204045637036
20181022|SR909P4600.CZC|白糖期权SR909-P-4600|-0.0769365691234178|0.000253405253799792|6.90481378368091|-0.140500293792733|-0.147463583488161
20181022|SR909P4700.CZC|白糖期权SR909-P-4700|-0.110222584898233|0.000330555361846575|8.59026254424577|-0.182886592629773|-0.224310440316344
20181022|SR909P4800.CZC|白糖期权SR909-P-4800|-0.151787767471512|0.000412307309715528|11.2581729270431|-0.227515667994674|-0.327899215427863
20181022|SR909P4900.CZC|白糖期权SR909-P-4900|-0.201497775175202|0.000493019712501985|13.093624864112|-0.271156939926178|-0.462110928552306
20181022|SR909P5000.CZC|白糖期权SR909-P-5000|-0.258409141752206|0.000566866891587357|14.825997678372|-0.310496362091878|-0.626805490014704
20181022|SR909P5100.CZC|白糖期权SR909-P-5100|-0.321439319923288|0.000627721306550039|16.8786341286591|-0.342030150230115|-0.824280464229332
20181022|SR909P5200.CZC|白糖期权SR909-P-5200|-0.388664928772747|0.000671142123758559|17.8658899117181|-0.363241461365977|-1.05121132762065
20181022|SR909P5300.CZC|白糖期权SR909-P-5300|-0.457990385108628|0.000694656541416599|18.4057070629251|-0.372735596397374|-1.3003188582843
20181022|SR909P5400.CZC|白糖期权SR909-P-5400|-0.527334872341869|0.000697423017911685|18.4514065188068|-0.370040202812758|-1.56328162125874
20181022|SR909P5500.CZC|白糖期权SR909-P-5500|-0.594721125509361|0.000680510650706148|17.9929507786483|-0.355770887885274|-1.82770944542199
20181022|SR909P5600.CZC|白糖期权SR909-P-5600|-0.658445650532052|0.000646628118809543|17.060534242944|-0.331477093566965|-2.0806033527947
20181022|SR909P5700.CZC|白糖期权SR909-P-5700|-0.717201503769622|0.000599643923115957|15.7173554516135|-0.299369829803886|-2.3068744513921
20181022|SR909P5800.CZC|白糖期权SR909-P-5800|-0.770140178094111|0.000544000887773862|14.0554017461909|-0.261989424202575|-2.48765721528343
20181022|M1812-C-2450.DCE|豆粕期权M1812-C-2450|0.999999999999988|0|0|0|0
20181022|M1812-C-2500.DCE|豆粕期权M1812-C-2500|0.999999999999988|0|0|0|0
20181022|M1812-C-2550.DCE|豆粕期权M1812-C-2550|0.999999999999988|0|0|0|0
20181022|M1812-C-2600.DCE|豆粕期权M1812-C-2600|0.999999999999988|0|0|0|0
20181022|M1812-C-2650.DCE|豆粕期权M1812-C-2650|0.999999999999988|0|0|0|0
20181022|M1812-C-2700.DCE|豆粕期权M1812-C-2700|0.999999999999988|0|0|0|0
20181022|M1812-C-2750.DCE|豆粕期权M1812-C-2750|0.999999999999988|0|0|0|0
20181022|M1812-C-2800.DCE|豆粕期权M1812-C-2800|0.999999999999988|0|0|0|0
20181022|M1812-C-2850.DCE|豆粕期权M1812-C-2850|0.999999999999988|0|0|0|0
20181022|M1812-C-2900.DCE|豆粕期权M1812-C-2900|0.999999999999988|0|0|0|0
20181022|M1812-C-2950.DCE|豆粕期权M1812-C-2950|0.999999999999988|0|0|0|0
20181022|M1812-C-3000.DCE|豆粕期权M1812-C-3000|0.999999999999988|0|0|0|0
20181022|M1812-C-3050.DCE|豆粕期权M1812-C-3050|0.999999999999988|0|0|0|0
20181022|M1812-C-3100.DCE|豆粕期权M1812-C-3100|0.999962890172572|1.97775309809896E-05|0|0|0
20181022|M1812-C-3150.DCE|豆粕期权M1812-C-3150|0.995383671276184|0.000128980085255876|0.0977934890897814|-0.04679528367042|-0.0304820804899464
20181022|M1812-C-3200.DCE|豆粕期权M1812-C-3200|0.983894633360779|0.000314391600071365|0.302259552142914|-0.154822419211342|-0.0470578318072512
20181022|M1812-C-3250.DCE|豆粕期权M1812-C-3250|0.958275687848767|0.00067078326289417|0.681190351372152|-0.358763645894733|-0.0525602287382299
20181022|M1812-C-3300.DCE|豆粕期权M1812-C-3300|0.908826155004577|0.00122404181688816|1.13690699996027|-0.673072590951129|-0.050255456898185
20181022|M1812-C-3350.DCE|豆粕期权M1812-C-3350|0.82732350669676|0.00190529604472391|1.83032742251044|-1.05896792371585|-0.0430857767526049
20181022|M1812-C-3400.DCE|豆粕期权M1812-C-3400|0.712359255510081|0.00254223273858087|2.49027595660323|-1.41957799450196|-0.0336069164887931
20181022|M1812-C-3450.DCE|豆粕期权M1812-C-3450|0.572450945968222|0.00292808142645178|2.82875901987723|-1.63870477065684|-0.0239495623191033
20181022|M1812-C-3500.DCE|豆粕期权M1812-C-3500|0.42469957353063|0.00292252076495502|2.84912762770517|-1.6375005510183|-0.015714764266761
20181022|M1812-C-3550.DCE|豆粕期权M1812-C-3550|0.288598700275157|0.00254947934176945|2.42889158373671|-1.4294275687198|-0.00940412510175292
20181022|M1812-C-3600.DCE|豆粕期权M1812-C-3600|0.178978940580786|0.00195056418786537|1.8982618675345|-1.0940596024324|-0.00517611232098147
20181022|M1812-C-3650.DCE|豆粕期权M1812-C-3650|0.100774144324517|0.00131714652575741|1.33316500171343|-0.738963955140914|-0.00259359943033388
20181022|M1812-C-3700.DCE|豆粕期权M1812-C-3700|0.0515719509088794|0.000788815294129667|0.736119001703006|-0.442624862241506|-0.00119257746611368
20181022|M1812-C-3750.DCE|豆粕期权M1812-C-3750|0.024002805808658|0.000421271851785436|0.406236394466131|-0.236413234294376|-0.000502157069481868
20181022|M1812-C-3800.DCE|豆粕期权M1812-C-3800|0.010141117361285|0.000201198033112624|0.201345548639098|-0.112919256184813|-0.000193023355965494
20181022|M1812-C-3850.DCE|豆粕期权M1812-C-3850|0.00389470549769937|8.62585290410848E-05|0.0896026412930406|-0.0484141124871464|-6.78908466389405E-05
20181022|M1812-P-2450.DCE|豆粕期权M1812-P-2450|-2.67549025345767E-20|1.82806446583288E-21|1.93650350387878E-18|-1.02627157886726E-18|-1.69694466294177E-22
20181022|M1812-P-2500.DCE|豆粕期权M1812-P-2500|-3.38819412264728E-18|2.1861667330358E-19|1.76062397870749E-16|-1.22730499741051E-16|-2.27357233009423E-20
20181022|M1812-P-2550.DCE|豆粕期权M1812-P-2550|-2.95342252483977E-16|1.79436653578199E-17|2.3995041489601E-14|-1.0073456779603E-14|-2.09701269381437E-18
20181022|M1812-P-2600.DCE|豆粕期权M1812-P-2600|-1.84141075148841E-14|1.04985303702135E-15|1.21287184669965E-12|-5.8937765029189E-13|-1.3909605925817E-16
20181022|M1812-P-2650.DCE|豆粕期权M1812-P-2650|-7.9426138822036E-13|4.24051875554171E-14|4.7043011113173E-11|-2.38057325819078E-11|-6.39102258665707E-15
20181022|M1812-P-2700.DCE|豆粕期权M1812-P-2700|-2.45751811773237E-11|1.22525366043133E-12|1.40488825389181E-09|-6.87836937581294E-10|-2.11054732420501E-13
20181022|M1812-P-2750.DCE|豆粕期权M1812-P-2750|-5.53943614839543E-10|2.57219487428134E-11|3.24041442271864E-08|-1.44397507024325E-08|-5.08617331703616E-12
20181022|M1812-P-2800.DCE|豆粕期权M1812-P-2800|-9.72547892963176E-09|4.18220330690741E-10|3.6494898734426E-07|-2.34777467279948E-07|-9.61827308718297E-11
20181022|M1812-P-2850.DCE|豆粕期权M1812-P-2850|-1.29218359091069E-07|5.12468705686493E-09|5.27938580701471E-06|-2.87682230710934E-06|-1.37711051770132E-09
20181022|M1812-P-2900.DCE|豆粕期权M1812-P-2900|-1.30834130966444E-06|4.76873237093444E-08|4.04427694743233E-05|-2.67695964029116E-05|-1.50863325399319E-08
20181022|M1812-P-2950.DCE|豆粕期权M1812-P-2950|-1.0675720658622E-05|3.54879284875265E-07|0.000369804329493318|-0.000199209816786465|-1.33751028210793E-07
20181022|M1812-P-3000.DCE|豆粕期权M1812-P-3000|-6.8922008244407E-05|2.07769473831632E-06|0.00193820294044477|-0.00116627425321928|-9.4334296190518E-07
20181022|M1812-P-3050.DCE|豆粕期权M1812-P-3050|-0.000358440417017578|9.73094729645715E-06|0.00856253309050072|-0.00546210038935561|-5.3787452373999E-06
20181022|M1812-P-3100.DCE|豆粕期权M1812-P-3100|-0.00153610592960511|3.71968927059552E-05|0.0406136944214736|-0.0208781504273525|-2.53823944709741E-05
20181022|M1812-P-3150.DCE|豆粕期权M1812-P-3150|-0.00548062955897887|0.000117042082494856|0.12354505772677|-0.0656902931886345|-0.000100564315180796
20181022|M1812-P-3200.DCE|豆粕期权M1812-P-3200|-0.0163792869480124|0.000304720984392666|0.317528376475806|-0.171011456562093|-0.000335586927247
20181022|M1812-P-3250.DCE|豆粕期权M1812-P-3250|-0.0415352424468629|0.000663215248644301|0.689882473935644|-0.372156476284877|-0.000955571469063443
20181022|M1812-P-3300.DCE|豆粕期权M1812-P-3300|-0.0906348009129876|0.00121840473007175|1.13930716971744|-0.683574544128351|-0.00236132933650879
20181022|M1812-P-3350.DCE|豆粕期权M1812-P-3350|-0.171889162047553|0.00190143100273339|1.83117828329848|-1.06649104341965|-0.00509430066486516
20181022|M1812-P-3400.DCE|豆粕期权M1812-P-3400|-0.286697143174428|0.00254000756346091|2.4904921416109|-1.42404891200691|-0.00969354818280976
20181022|M1812-P-3450.DCE|豆粕期权M1812-P-3450|-0.426533557060002|0.00292741106567517|2.82879171555095|-1.64007620961244|-0.0164474200303744
20181022|M1812-P-3500.DCE|豆粕期权M1812-P-3500|-0.574287927075467|0.00292337575540293|2.84913572187406|-1.63575609875233|-0.0252730316958605
20181022|M1812-P-3550.DCE|豆粕期权M1812-P-3550|-0.710470197004929|0.00255189327102096|2.42875245912444|-1.42458590828856|-0.0351698902250064
20181022|M1812-P-3600.DCE|豆粕期权M1812-P-3600|-0.820245384432666|0.00195462283239975|1.89722556882543|-1.08616845149907|-0.0449466249961006
20181022|M1812-P-3650.DCE|豆粕期权M1812-P-3650|-0.898687088232454|0.00132296875897462|1.3293448725733|-0.728089280651112|-0.0525673924300918
20181022|M1812-P-3700.DCE|豆粕期权M1812-P-3700|-0.948208260392613|0.000796537573327828|0.730566604886462|-0.428842229595006|-0.0561353397472431
20181022|M1812-P-3750.DCE|豆粕期权M1812-P-3750|-0.976183660651141|0.000431035018378504|0.394653380055843|-0.219800378522095|-0.0537177824071478
20181022|M1812-P-3800.DCE|豆粕期权M1812-P-3800|-0.990543928294622|0.00021313686369028|0.180641335361997|-0.0935501647454373|-0.0432819055049549
20181022|M1812-P-3850.DCE|豆粕期权M1812-P-3850|-0.997384393984445|0.000100559526312829|0.0561885742627055|-0.0263914978297919|-0.0229103462174862
20181022|M1901-C-2500.DCE|豆粕期权M1901-C-2500|1.00000000000001|1.41774440955924E-15|0|0|0
20181022|M1901-C-2550.DCE|豆粕期权M1901-C-2550|1.00000000000001|1.41774440955924E-15|0|0|0
20181022|M1901-C-2600.DCE|豆粕期权M1901-C-2600|1.00000000000001|1.41774440955924E-15|0|0|0
20181022|M1901-C-2650.DCE|豆粕期权M1901-C-2650|1.00000000000001|1.41774440955924E-15|0|0|0
20181022|M1901-C-2700.DCE|豆粕期权M1901-C-2700|1.00000000000001|1.41774440955924E-15|0|0|0
20181022|M1901-C-2750.DCE|豆粕期权M1901-C-2750|1.00000000000001|1.41774440955924E-15|0|0|0
20181022|M1901-C-2800.DCE|豆粕期权M1901-C-2800|1.00000000000001|1.41774440955924E-15|0|0|0
20181022|M1901-C-2850.DCE|豆粕期权M1901-C-2850|0.999245256374262|7.55492131490504E-05|0.0251512526574516|-0.00384235297612735|-0.0179000380740035
20181022|M1901-C-2900.DCE|豆粕期权M1901-C-2900|0.992784747913601|0.000139444319675387|0.203904850536674|-0.0357181418820573|-0.105307034743873
20181022|M1901-C-2950.DCE|豆粕期权M1901-C-2950|0.982415026324254|0.000228425586723383|0.451034280786189|-0.0862935904031612|-0.162897925633843
20181022|M1901-C-3000.DCE|豆粕期权M1901-C-3000|0.965839369833363|0.000362982832205685|0.910989373210214|-0.16070458472395|-0.196217797792997
20181022|M1901-C-3050.DCE|豆粕期权M1901-C-3050|0.940688267611405|0.000546641181150097|1.41508717291572|-0.260768008352902|-0.20968637693386
20181022|M1901-C-3100.DCE|豆粕期权M1901-C-3100|0.904641687091631|0.000774846364744017|2.03022473442616|-0.38405473534142|-0.207951612367197
20181022|M1901-C-3150.DCE|豆粕期权M1901-C-3150|0.856009382517251|0.00103235345218186|2.72215484903882|-0.522522688911448|-0.195228747202236
20181022|M1901-C-3200.DCE|豆粕期权M1901-C-3200|0.794267995535711|0.0012939542054082|3.42636697519083|-0.662902595769619|-0.175280797321875
20181022|M1901-C-3250.DCE|豆粕期权M1901-C-3250|0.720413297669892|0.00152859525349809|4.05579859250338|-0.788863221538535|-0.151240517539009
20181022|M1901-C-3300.DCE|豆粕期权M1901-C-3300|0.636997556263773|0.00170582488318193|4.51830996425429|-0.884397977479955|-0.125789155973166
20181022|M1901-C-3350.DCE|豆粕期权M1901-C-3350|0.547796520426393|0.00180107609215637|4.70780808035443|-0.936594850981566|-0.10124716114035
20181022|M1901-C-3400.DCE|豆粕期权M1901-C-3400|0.457481076145317|0.00180363804268197|4.74264295780813|-0.939830865961626|-0.0789536562564308
20181022|M1901-C-3450.DCE|豆粕期权M1901-C-3450|0.370563387680645|0.00171797067551918|4.49902065916064|-0.896458233343011|-0.0595888784715726
20181022|M1901-C-3500.DCE|豆粕期权M1901-C-3500|0.290781573709898|0.00155978189664998|4.01907994329065|-0.814739826101475|-0.0435058871417482
20181022|M1901-C-3550.DCE|豆粕期权M1901-C-3550|0.221121070241713|0.00135129946736076|3.61329794310805|-0.706360299947885|-0.0308559716373225
20181022|M1901-C-3600.DCE|豆粕期权M1901-C-3600|0.162889960739921|0.00112007617065899|2.9197678156585|-0.585815966471669|-0.0212574469742322
20181022|M1901-C-3650.DCE|豆粕期权M1901-C-3650|0.116005160441726|0.00088941946274162|2.45515325728363|-0.465377184137598|-0.0141314410644355
20181022|M1901-C-3700.DCE|豆粕期权M1901-C-3700|0.0803239920167785|0.000678552431952713|1.79441143070314|-0.355157689130498|-0.00921020616928558
20181022|M1901-C-3750.DCE|豆粕期权M1901-C-3750|0.0537116648706316|0.000497088790538018|1.23485319767003|-0.260246306683664|-0.00578790890060077
20181022|M1901-C-3800.DCE|豆粕期权M1901-C-3800|0.0349738790806057|0.000351383333745349|0.932658282541077|-0.184000765523877|-0.00355908135762917
20181022|M1901-P-2500.DCE|豆粕期权M1901-P-2500|-1.8233196875118E-06|4.00132770237406E-08|9.19085101853999E-05|-2.09733208406045E-05|-1.00671233217611E-07
20181022|M1901-P-2550.DCE|豆粕期权M1901-P-2550|-7.72625608094836E-06|1.59134875720719E-07|0.000403564365302649|-8.34086227853125E-05|-4.52009036048997E-07
20181022|M1901-P-2600.DCE|豆粕期权M1901-P-2600|-2.87805330563089E-05|5.55542347385975E-07|0.0015871083226906|-0.000291167272988624|-1.7839396216756E-06
20181022|M1901-P-2650.DCE|豆粕期权M1901-P-2650|-9.59764241349601E-05|1.73197559065032E-06|0.00413419534042291|-0.00090770233996655|-6.32160307868085E-06
20181022|M1901-P-2700.DCE|豆粕期权M1901-P-2700|-0.000290955182017153|4.88797192161181E-06|0.0134215949471883|-0.00256154342574939|-2.03981557166111E-05
20181022|M1901-P-2750.DCE|豆粕期权M1901-P-2750|-0.00079435026045054|1.2396164287356E-05|0.0302920930719888|-0.00649570948064032|-5.9373024184628E-05
20181022|M1901-P-2800.DCE|豆粕期权M1901-P-2800|-0.0019849893913467|2.86508402941412E-05|0.0812928762519149|-0.0150118977446527|-0.000158350672047058
20181022|M1901-P-2850.DCE|豆粕期权M1901-P-2850|-0.00456234395230056|6.06226648611632E-05|0.159115088052719|-0.0317601800997047|-0.000390121123572396
20181022|M1901-P-2900.DCE|豆粕期权M1901-P-2900|-0.00962716386247209|0.000117339720172157|0.293064912397889|-0.0614655782953724|-0.000882833537274585
20181022|M1901-P-2950.DCE|豆粕期权M1901-P-2950|-0.018813463840056|0.000209327331456821|0.508078719577032|-0.109632059591582|-0.00185091290783035
20181022|M1901-P-3000.DCE|豆粕期权M1901-P-3000|-0.0343857394193676|0.000346682302328606|0.959838380050204|-0.181529506921401|-0.00364577865008542
20181022|M1901-P-3050.DCE|豆粕期权M1901-P-3050|-0.0587012791665065|0.000532962062957058|1.44470644038552|-0.278991078205245|-0.00672167375892485
20181022|M1901-P-3100.DCE|豆粕期权M1901-P-3100|-0.0940656149518728|0.000763624905355444|2.04715010727341|-0.399593446784492|-0.0116418529341189
20181022|M1901-P-3150.DCE|豆粕期权M1901-P-3150|-0.142155362514814|0.00102343786821732|2.7310912469467|-0.535300111320966|-0.0190409526865665
20181022|M1901-P-3200.DCE|豆粕期权M1901-P-3200|-0.203481848690769|0.00128721044304469|3.43056387783847|-0.672850480272063|-0.0295220929160678
20181022|M1901-P-3250.DCE|豆粕期权M1901-P-3250|-0.27703911996322|0.00152391318084429|4.05753219887828|-0.795925318345286|-0.043510648779943
20181022|M1901-P-3300.DCE|豆粕期权M1901-P-3300|-0.360266842235435|0.00170312346844541|4.51894036142875|-0.888532807040159|-0.0612125994479129
20181022|M1901-P-3350.DCE|豆粕期权M1901-P-3350|-0.449378968769509|0.00180030983087725|4.70780307605878|-0.937779116956404|-0.0826094974115676
20181022|M1901-P-3400.DCE|豆粕期权M1901-P-3400|-0.539701837666832|0.00180479015609688|4.74265236600502|-0.938055914497721|-0.107005269057936
20181022|M1901-P-3450.DCE|豆粕期权M1901-P-3450|-0.62672325855295|0.00172106115135389|4.49886131889343|-0.891734319087952|-0.133179604006273
20181022|M1901-P-3500.DCE|豆粕期权M1901-P-3500|-0.706705127871077|0.00156485995489849|4.01820666985486|-0.807092148782087|-0.159645431295985
20181022|M1901-P-3550.DCE|豆粕期权M1901-P-3550|-0.776656352064236|0.00135844233773263|3.60851259191008|-0.695828477121799|-0.185009634066091
20181022|M1901-P-3600.DCE|豆粕期权M1901-P-3600|-0.835273120567323|0.00112937631747308|2.91242302151318|-0.572447173838335|-0.2068741651442
20181022|M1901-P-3650.DCE|豆粕期权M1901-P-3650|-0.882646553920328|0.000900983628237192|2.43128603710829|-0.449225674921526|-0.222612309300985
20181022|M1901-P-3700.DCE|豆粕期权M1901-P-3700|-0.918907970487688|0.000692501784837306|1.77016126548324|-0.336285221912338|-0.231358369148893
20181022|M1901-P-3750.DCE|豆粕期权M1901-P-3750|-0.946210022078438|0.000513540929658359|1.20340477832315|-0.238712042962882|-0.228947153800618
20181022|M1901-P-3800.DCE|豆粕期权M1901-P-3800|-0.96573771754111|0.000370461935175602|0.878197649228696|-0.159867105954672|-0.215223072302706
20181022|M1903-C-2650.DCE|豆粕期权M1903-C-2650|0.993166506523909|0.000146540460050687|0.2840765265546|-0.0174025154504104|-0.194397633322296
20181022|M1903-C-2700.DCE|豆粕期权M1903-C-2700|0.982782695942815|0.000197062822766368|0.639391800405065|-0.0441329699381438|-0.360190129867988
20181022|M1903-C-2750.DCE|豆粕期权M1903-C-2750|0.969035789552917|0.000265910987952064|1.18613006111445|-0.0790805218485957|-0.477123188488804
20181022|M1903-C-2800.DCE|豆粕期权M1903-C-2800|0.950827454214294|0.000353812275729812|1.70384253453904|-0.122554915223974|-0.550981230276193
20181022|M1903-C-2850.DCE|豆粕期权M1903-C-2850|0.927442543591767|0.000459188846786463|2.28452010122737|-0.173824830581913|-0.588992857956328
20181022|M1903-C-2900.DCE|豆粕期权M1903-C-2900|0.898130275391529|0.000579153457767156|2.92434267964836|-0.231563193583876|-0.597576757911611
20181022|M1903-C-2950.DCE|豆粕期权M1903-C-2950|0.86224204120128|0.000708792595995733|3.92244528819674|-0.29352253304735|-0.5852513581317
20181022|M1903-C-3000.DCE|豆粕期权M1903-C-3000|0.819679172099376|0.000840890607130661|4.63874911145012|-0.356417826571942|-0.556155239451073
20181022|M1903-C-3050.DCE|豆粕期权M1903-C-3050|0.77085915875179|0.000967337903277493|5.32507837490925|-0.416564814367367|-0.515286830875539
20181022|M1903-C-3100.DCE|豆粕期权M1903-C-3100|0.716484677241605|0.00107994437840041|5.94192705381147|-0.470243208193782|-0.466977019243586
20181022|M1903-C-3150.DCE|豆粕期权M1903-C-3150|0.657642706336174|0.0011712106843602|6.44971201180056|-0.514049056679195|-0.41475762753862
20181022|M1903-C-3200.DCE|豆粕期权M1903-C-3200|0.595723059272559|0.0012351999045049|6.81304447897446|-0.545289631540729|-0.361602059797406
20181022|M1903-C-3250.DCE|豆粕期权M1903-C-3250|0.532301751589882|0.00126818657443299|7.00526905853849|-0.562277284194974|-0.310042077870776
20181022|M1903-C-3300.DCE|豆粕期权M1903-C-3300|0.469006456250896|0.00126897783462023|7.01188449023959|-0.564474674891437|-0.261468887373439
20181022|M1903-C-3350.DCE|豆粕期权M1903-C-3350|0.407384519280325|0.00123887269988362|6.83279496898592|-0.552476010723879|-0.217095930977962
20181022|M1903-C-3400.DCE|豆粕期权M1903-C-3400|0.348791499451134|0.00118130179159984|6.48244047813762|-0.52784350732489|-0.177477914050428
20181022|M1903-C-3450.DCE|豆粕期权M1903-C-3450|0.294312896333623|0.00110124672487629|5.98757440022268|-0.49284401613521|-0.142966210447071
20181022|M1903-C-3500.DCE|豆粕期权M1903-C-3500|0.244769451953044|0.00100447665262146|5.71549032920871|-0.45010149279542|-0.113460046698322
20181022|M1903-C-3550.DCE|豆粕期权M1903-C-3550|0.200855117823815|0.000897071410860121|5.070794184455|-0.402377816148203|-0.0891249842993602
20181022|M1903-C-3600.DCE|豆粕期权M1903-C-3600|0.16251630933223|0.000785551482758743|4.37999653744114|-0.352647719029263|-0.0690577888313726
20181022|M1903-C-3650.DCE|豆粕期权M1903-C-3650|0.129634367480437|0.000674922149834924|3.68334436094386|-0.30319344917699|-0.0527607434399613
20181022|M1903-P-2650.DCE|豆粕期权M1903-P-2650|-0.0129930405888104|0.000107015201114273|0.606841007557257|-0.048203612680408|-0.0041227953158085
20181022|M1903-P-2700.DCE|豆粕期权M1903-P-2700|-0.0211082247040976|0.000162133180971443|0.861443320522071|-0.0730064661978854|-0.00707003898225977
20181022|M1903-P-2750.DCE|豆粕期权M1903-P-2750|-0.032882789032941|0.000234866262184567|1.37826063856572|-0.10571568230189|-0.0116197490589443
20181022|M1903-P-2800.DCE|豆粕期权M1903-P-2800|-0.0493712686827297|0.000326506799934396|1.82889096880867|-0.146894374589018|-0.0184707774408821
20181022|M1903-P-2850.DCE|豆粕期权M1903-P-2850|-0.0712825182089461|0.00043542377734119|2.3624591186131|-0.19578645752795|-0.0282014926948904
20181022|M1903-P-2900.DCE|豆粕期权M1903-P-2900|-0.0993462337845669|0.000558739526982026|2.97088923412936|-0.251067826484884|-0.0415368599266941
20181022|M1903-P-2950.DCE|豆粕期权M1903-P-2950|-0.134185310350461|0.00069155309615654|3.96455965949727|-0.310495321206646|-0.059322805423534
20181022|M1903-P-3000.DCE|豆粕期权M1903-P-3000|-0.17588186004375|0.000826668001329914|4.66151975929918|-0.370791800723147|-0.082343724926659
20181022|M1903-P-3050.DCE|豆粕期权M1903-P-3050|-0.22401092781616|0.000955998029575782|5.3358659679219|-0.42828282554497|-0.110998852356659
20181022|M1903-P-3100.DCE|豆粕期权M1903-P-3100|-0.277856718163386|0.00107137552898711|5.94612783064719|-0.479257435132831|-0.145555376441564
20181022|M1903-P-3150.DCE|豆粕期权M1903-P-3150|-0.336321298573544|0.00116532583942674|6.45079824617767|-0.520322107044614|-0.18603796056027
20181022|M1903-P-3200.DCE|豆粕期权M1903-P-3200|-0.398005900079604|0.00123193853216072|6.8130906260393|-0.548795431186101|-0.232133113129862
20181022|M1903-P-3250.DCE|豆粕期权M1903-P-3250|-0.461327602531421|0.00126751527884568|7.00522580676477|-0.563001428558252|-0.283087719438413
20181022|M1903-P-3300.DCE|豆粕期权M1903-P-3300|-0.524653682657576|0.00127088968516098|7.01198809406378|-0.562414167509455|-0.33788104704513
20181022|M1903-P-3350.DCE|豆粕期权M1903-P-3350|-0.586433469305505|0.00124338580794738|6.83264347580348|-0.547638652310904|-0.394852919924915
20181022|M1903-P-3400.DCE|豆粕期权M1903-P-3400|-0.645309620744847|0.00118845743489426|6.48101869541051|-0.520247071774488|-0.45226868880377
20181022|M1903-P-3450.DCE|豆粕期权M1903-P-3450|-0.700196090603114|0.0011111063297933|5.98364406531005|-0.482514899098953|-0.507927974041422
20181022|M1903-P-3500.DCE|豆粕期权M1903-P-3500|-0.750271559016101|0.00101712112467322|5.69710744207441|-0.437074487850787|-0.559507994125852
20181022|M1903-P-3550.DCE|豆粕期权M1903-P-3550|-0.794831888771704|0.000912595987055628|5.0453818475944|-0.386693884033365|-0.605747522740785
20181022|M1903-P-3600.DCE|豆粕期权M1903-P-3600|-0.833943676488737|0.000804060153327416|4.34428424330235|-0.334351152126228|-0.642354276124024
20181022|M1903-P-3650.DCE|豆粕期权M1903-P-3650|-0.86772821209527|0.000696528344116745|3.63500528851546|-0.282332342718108|-0.66717055750587
20181022|M1905-C-2500.DCE|豆粕期权M1905-C-2500|0.945118160319286|0.000439836907385489|2.07482023455441|-0.0742311752985765|-0.699110105983891
20181022|M1905-C-2550.DCE|豆粕期权M1905-C-2550|0.916086530876544|0.000569753319391885|2.80850200016403|-0.109497524289383|-0.765787510545124
20181022|M1905-C-2600.DCE|豆粕期权M1905-C-2600|0.879976879075807|0.000716139286162535|3.90155815023263|-0.148627205250002|-0.781965278690677
20181022|M1905-C-2650.DCE|豆粕期权M1905-C-2650|0.835902140276172|0.000870813406185327|4.72632664849471|-0.189590776720243|-0.762917860583912
20181022|M1905-C-2700.DCE|豆粕期权M1905-C-2700|0.784470201476466|0.00102257733448163|5.52528794034401|-0.229641742928572|-0.715769453819348
20181022|M1905-C-2750.DCE|豆粕期权M1905-C-2750|0.726278739459663|0.00115998769248429|6.55061219868003|-0.265966705839205|-0.65111783024463
20181022|M1905-C-2800.DCE|豆粕期权M1905-C-2800|0.662409392273914|0.00127085600012049|7.12816565533103|-0.295568079121519|-0.578377509100392
20181022|M1905-C-2850.DCE|豆粕期权M1905-C-2850|0.594886583182334|0.00134745819674819|7.54054841905827|-0.316561523687499|-0.501202384498356
20181022|M1905-C-2900.DCE|豆粕期权M1905-C-2900|0.52567161182682|0.0013843932711626|7.76115940639954|-0.327625633890984|-0.424908649435451
20181022|M1905-C-2950.DCE|豆粕期权M1905-C-2950|0.456823192330529|0.00137996382232454|7.77488760846268|-0.328348518669078|-0.352925257885772
20181022|M1905-C-3000.DCE|豆粕期权M1905-C-3000|0.390306561978301|0.00133621113102311|7.58193025181697|-0.319236109824647|-0.287540425290445
20181022|M1905-C-3050.DCE|豆粕期权M1905-C-3050|0.327825321427366|0.0012583990007384|7.19799970697466|-0.301585586251755|-0.230167878392251
20181022|M1905-C-3100.DCE|豆粕期权M1905-C-3100|0.270699122458853|0.00115408613264885|6.65286580997559|-0.277258108567237|-0.181064064371128
20181022|M1905-C-3150.DCE|豆粕期权M1905-C-3150|0.219799838510348|0.00103199444124701|5.98644501887691|-0.248401578643901|-0.140168460951884
20181022|M1905-C-3200.DCE|豆粕期权M1905-C-3200|0.175547102813813|0.000900893196274669|5.24436746765033|-0.217177190920096|-0.106829728309776
20181022|M1905-C-3250.DCE|豆粕期权M1905-C-3250|0.137953938241819|0.000768680059712126|4.47283827602618|-0.185534064434924|-0.080183440847037
20181022|M1905-P-2500.DCE|豆粕期权M1905-P-2500|-0.0555293116856438|0.000391288543764645|2.29950107087884|-0.0946645192517399|-0.0299591999839421
20181022|M1905-P-2550.DCE|豆粕期权M1905-P-2550|-0.0819663792472106|0.000528340629902632|2.93443446613573|-0.127690123897503|-0.0470531037066735
20181022|M1905-P-2600.DCE|豆粕期权M1905-P-2600|-0.115937995612201|0.000681426251338269|4.00049640113309|-0.16448402523637|-0.0705589889591351
20181022|M1905-P-2650.DCE|豆粕期权M1905-P-2650|-0.158253993738311|0.000842391597750485|4.77313111456112|-0.203020608311842|-0.102559653150536
20181022|M1905-P-2700.DCE|豆粕期权M1905-P-2700|-0.208306466634127|0.00100011037696339|5.54445924439051|-0.240569907354653|-0.143299492371796
20181022|M1905-P-2750.DCE|豆粕期权M1905-P-2750|-0.265459711329099|0.00114318770735876|6.56610756497855|-0.274328284357621|-0.193376783457211
20181022|M1905-P-2800.DCE|豆粕期权M1905-P-2800|-0.328581911521637|0.00125950255815185|7.13174231742642|-0.301313003226816|-0.253965311486581
20181022|M1905-P-2850.DCE|豆粕期权M1905-P-2850|-0.395654024535348|0.00134140558765498|7.5407264954066|-0.319656922232525|-0.323362622566492
20181022|M1905-P-2900.DCE|豆粕期权M1905-P-2900|-0.464696061668344|0.00138356206875289|7.76108956802091|-0.328053459404616|-0.400294608752461
20181022|M1905-P-2950.DCE|豆粕期权M1905-P-2950|-0.533635530714039|0.00138434269311959|7.77456527541176|-0.326106156173925|-0.482153310628064
20181022|M1905-P-3000.DCE|豆粕期权M1905-P-3000|-0.600497806985552|0.0013458518196606|7.57877288938857|-0.314335266929433|-0.566202430064777
20181022|M1905-P-3050.DCE|豆粕期权M1905-P-3050|-0.663573585209719|0.00127341188403579|7.18761867332773|-0.294051301045479|-0.64905538292237
20181022|M1905-P-3100.DCE|豆粕期权M1905-P-3100|-0.721540870833098|0.00117463290519601|6.62866401617634|-0.267127019899809|-0.725784485183567
20181022|M1905-P-3150.DCE|豆粕期权M1905-P-3150|-0.773528282819525|0.00105828075353489|5.94382425680351|-0.235720168631153|-0.792610779797087
20181022|M1905-P-3200.DCE|豆粕期权M1905-P-3200|-0.819118760759301|0.000933158874856036|5.17521844648172|-0.201999412991784|-0.843800153973007
20181022|M1905-P-3250.DCE|豆粕期权M1905-P-3250|-0.85830335082624|0.000807190685856585|4.36971763974725|-0.167919295551704|-0.874223524022
20181022|M1907-C-2450.DCE|豆粕期权M1907-C-2450|0.936488348361203|0.000498704524001763|2.63473480617904|-0.0588649783381172|-0.90332834685114
20181022|M1907-C-2500.DCE|豆粕期权M1907-C-2500|0.904081603695256|0.000629077862267945|3.5475762121564|-0.0861334850719096|-0.994699483896966
20181022|M1907-C-2550.DCE|豆粕期权M1907-C-2550|0.864806315990323|0.000772804646848072|4.48059266511791|-0.115667733110637|-1.01679736241067
20181022|M1907-C-2600.DCE|豆粕期权M1907-C-2600|0.817969624232606|0.000921079503668205|5.80392727056278|-0.145832662415883|-0.992030483303097
20181022|M1907-C-2650.DCE|豆粕期权M1907-C-2650|0.76417993351528|0.00106276102101801|6.70485544688404|-0.17458261600886|-0.930128410573161
20181022|M1907-C-2700.DCE|豆粕期权M1907-C-2700|0.704383697751483|0.00118708695147605|7.50638918867708|-0.199942467027241|-0.845766781054635
20181022|M1907-C-2750.DCE|豆粕期权M1907-C-2750|0.639902676395586|0.00128428900443125|8.36162460618084|-0.220120115687315|-0.748288918998696
20181022|M1907-C-2800.DCE|豆粕期权M1907-C-2800|0.572390579455674|0.00134539750440222|8.74578972744189|-0.233465746612367|-0.648634887284061
20181022|M1907-C-2850.DCE|豆粕期权M1907-C-2850|0.503996915521724|0.00136774296894717|8.88458447512619|-0.2395014973249|-0.549761251775749
20181022|M1907-C-2900.DCE|豆粕期权M1907-C-2900|0.436666214215341|0.00135096722518212|8.78372658515048|-0.238166881661073|-0.456816111821468
20181022|M1907-C-2950.DCE|豆粕期权M1907-C-2950|0.372191292615059|0.0012980660290535|8.45309140339623|-0.230017512639982|-0.372526730828326
20181022|M1907-C-3000.DCE|豆粕期权M1907-C-3000|0.312071656923055|0.00121475141701352|7.91941558812681|-0.216108227647753|-0.298518094844269
20181022|M1907-C-3050.DCE|豆粕期权M1907-C-3050|0.257420784423291|0.00110850765835876|7.22323768928135|-0.1978201288266|-0.23520205969163
20181022|M1907-C-3100.DCE|豆粕期权M1907-C-3100|0.208928815000165|0.000987547127512537|6.41416237703396|-0.176669270832245|-0.182361695173938
20181022|M1907-C-3150.DCE|豆粕期权M1907-C-3150|0.166876896319693|0.0008598514376799|5.54543219748993|-0.154130866362828|-0.139140637138269
20181022|M1907-C-3200.DCE|豆粕期权M1907-C-3200|0.131191461481554|0.000732433915802232|4.66753317461155|-0.131503898970426|-0.104601448907005
20181022|M1907-P-2450.DCE|豆粕期权M1907-P-2450|-0.0641415615535262|0.000432249638677362|2.9623556707481|-0.0777957340068006|-0.0491024657023331
20181022|M1907-P-2500.DCE|豆粕期权M1907-P-2500|-0.09301187022834|0.000572710224224603|3.73121663978182|-0.102918935073665|-0.0757038643222074
20181022|M1907-P-2550.DCE|豆粕期权M1907-P-2550|-0.129393528073743|0.000725904125516653|4.57634153626429|-0.130210477664533|-0.111534057481322
20181022|M1907-P-2600.DCE|豆粕期权M1907-P-2600|-0.173879735878806|0.00088305600393552|5.87279906493166|-0.158036579255834|-0.159100204776053
20181022|M1907-P-2650.DCE|豆粕期权M1907-P-2650|-0.225833804206229|0.00103313435906481|6.73293945095566|-0.184369855593629|-0.219170430810323
20181022|M1907-P-2700.DCE|豆粕期权M1907-P-2700|-0.284274974502335|0.00116546658726165|7.51498359660729|-0.207249082523245|-0.291599962686462
20181022|M1907-P-2750.DCE|豆粕期权M1907-P-2750|-0.347842518122921|0.00127037787446126|8.38102131932317|-0.224896878245816|-0.376197152434088
20181022|M1907-P-2800.DCE|豆粕期权M1907-P-2800|-0.414823225432799|0.00133900022065624|8.74636511784388|-0.235679982850272|-0.473087720024523
20181022|M1907-P-2850.DCE|豆粕期权M1907-P-2850|-0.483076198496282|0.00136877999410628|8.88467172485718|-0.239140224995593|-0.578479770979357
20181022|M1907-P-2900.DCE|豆粕期权M1907-P-2900|-0.550639326930035|0.00135945182060411|8.78371379067744|-0.235232344263452|-0.688544731872298
20181022|M1907-P-2950.DCE|豆粕期权M1907-P-2950|-0.615708425294561|0.00131410321332447|8.44980133376794|-0.224527160989691|-0.7989208552317
20181022|M1907-P-3000.DCE|豆粕期权M1907-P-3000|-0.676777913264042|0.00123852830944307|7.90695371711081|-0.208093063173538|-0.904247196586994
20181022|M1907-P-3050.DCE|豆粕期权M1907-P-3050|-0.732732633357739|0.00114028288190552|7.19312679839845|-0.187322847231609|-0.997741652184914
20181022|M1907-P-3100.DCE|豆粕期权M1907-P-3100|-0.782884505214905|0.00102763854143467|6.35716947289211|-0.163742070104378|-1.07368447908129
20181022|M1907-P-3150.DCE|豆粕期权M1907-P-3150|-0.8269571798125|0.000908624569162259|5.44976893837656|-0.138833365542354|-1.12409093799215
20181022|M1907-P-3200.DCE|豆粕期权M1907-P-3200|-0.86503096336957|0.000790288669461999|4.52036834604996|-0.113900725862597|-1.14116377812934
20181022|M1908-C-2450.DCE|豆粕期权M1908-C-2450|0.932155861347076|0.000517327907624862|2.79013124054472|-0.0562299186945836|-1.00038195944308
20181022|M1908-C-2500.DCE|豆粕期权M1908-C-2500|0.899017550498171|0.00064413075113419|3.73917948371627|-0.0813266208007368|-1.09559291013284
20181022|M1908-C-2550.DCE|豆粕期权M1908-C-2550|0.858838191142507|0.000783145929364969|5.10248527649537|-0.108327137192643|-1.12137665917089
20181022|M1908-C-2600.DCE|豆粕期权M1908-C-2600|0.811677066106276|0.000925027016206816|6.10545660850903|-0.135620681440529|-1.09273871703408
20181022|M1908-C-2650.DCE|豆粕期权M1908-C-2650|0.757999751618999|0.0010597209101628|7.0486564869725|-0.161478259818204|-1.0247683407556
20181022|M1908-C-2700.DCE|豆粕期权M1908-C-2700|0.698641895292817|0.00117711617280956|7.88891295047733|-0.184161744690781|-0.932569586723275
20181022|M1908-C-2750.DCE|豆粕期权M1908-C-2750|0.634786471097129|0.00126694263113798|8.80059868302396|-0.201902478708682|-0.828772657058607
20181022|M1908-C-2800.DCE|豆粕期权M1908-C-2800|0.568353573467421|0.00132340088820989|9.18936094282685|-0.213714674502707|-0.71950734960069
20181022|M1908-C-2850.DCE|豆粕期权M1908-C-2850|0.501191737544225|0.0013430689609045|9.33472177557348|-0.219015752524954|-0.61166579794758
20181022|M1908-C-2900.DCE|豆粕期权M1908-C-2900|0.435146344315338|0.00132575660982759|9.22851255032242|-0.217778445849437|-0.510131370333511
20181022|M1908-C-2950.DCE|豆粕期权M1908-C-2950|0.371909582788897|0.00127436072824502|8.88108777576235|-0.210506197452498|-0.417694170579352
20181022|M1908-C-3000.DCE|豆粕期权M1908-C-3000|0.312891395165171|0.00119424883829763|8.32032599545585|-0.19812740332811|-0.336363312911203
20181022|M1908-C-3050.DCE|豆粕期权M1908-C-3050|0.259136898812558|0.00109238367643544|7.5890199491937|-0.181845346474183|-0.266453132532263
20181022|M1908-C-3100.DCE|豆粕期权M1908-C-3100|0.211295624707183|0.000976372919391765|6.7390782936414|-0.162975276103181|-0.207768342860959
20181022|M1908-C-3150.DCE|豆粕期权M1908-C-3150|0.16963764796877|0.000853608568325122|5.8263391981761|-0.142796762086089|-0.159559733727832
20181022|M1908-P-2450.DCE|豆粕期权M1908-P-2450|-0.0682565217166196|0.000445292531903491|3.11242610024642|-0.0748158382032627|-0.0595520556316842
20181022|M1908-P-2500.DCE|豆粕期权M1908-P-2500|-0.0975885817138495|0.000583072091721023|3.92172336298025|-0.0978002729090641|-0.0900993891637114
20181022|M1908-P-2550.DCE|豆粕期权M1908-P-2550|-0.134617341158085|0.000732363078278235|5.23935582765844|-0.122584625139566|-0.131794511240457
20181022|M1908-P-2600.DCE|豆粕期权M1908-P-2600|-0.179238798186979|0.000883904027997267|6.17075116800336|-0.14757028904327|-0.185976895966888
20181022|M1908-P-2650.DCE|豆粕期权M1908-P-2650|-0.230944958453127|0.00102773924238739|7.0752448371465|-0.171042015510359|-0.253443049402335
20181022|M1908-P-2700.DCE|豆粕期权M1908-P-2700|-0.288850073222147|0.00115385529885806|7.90109281536644|-0.191275597145041|-0.334344152861377
20181022|M1908-P-2750.DCE|豆粕期权M1908-P-2750|-0.351701868948684|0.00125207657498889|8.80577068892308|-0.206515931289541|-0.429535906661727
20181022|M1908-P-2800.DCE|豆粕期权M1908-P-2800|-0.417577471495012|0.00131674046549348|9.18970540378439|-0.215798975595211|-0.536383784066174
20181022|M1908-P-2850.DCE|豆粕期权M1908-P-2850|-0.484605373749795|0.00134452680991734|9.3348308463419|-0.218557506544642|-0.652012208036012
20181022|M1908-P-2900.DCE|豆粕期权M1908-P-2900|-0.550922082276079|0.00133535056485586|9.22837699764045|-0.214780408451065|-0.772478023094436
20181022|M1908-P-2950.DCE|豆粕期权M1908-P-2950|-0.614823855562851|0.0012922072794668|8.87697452287739|-0.20498630253275|-0.892396437819798
20181022|M1908-P-3000.DCE|豆粕期权M1908-P-3000|-0.674894846292765|0.00122055260068015|8.30599838315038|-0.190117070576945|-1.00634349033157
20181022|M1908-P-3050.DCE|豆粕期权M1908-P-3050|-0.730088808797164|0.00112742605330096|7.55599985868116|-0.171387615433272|-1.1076286320133
20181022|M1908-P-3100.DCE|豆粕期权M1908-P-3100|-0.77975884022899|0.00102049884873415|6.67608717395751|-0.15012259069298|-1.18760177593913
20181022|M1908-P-3150.DCE|豆粕期权M1908-P-3150|-0.823640514853331|0.00090721379692247|5.72184988891422|-0.127608824945358|-1.23971271608525
20181022|M1909-C-2450.DCE|豆粕期权M1909-C-2450|0.900530028850503|0.000562649855111287|3.88807019010073|-0.0797798167124292|-1.35647426964169
20181022|M1909-C-2500.DCE|豆粕期权M1909-C-2500|0.865335243210719|0.000667931810036784|4.90594390413435|-0.104076048611165|-1.39991017630337
20181022|M1909-C-2550.DCE|豆粕期权M1909-C-2550|0.824773198452978|0.000776188400976841|6.34511365973367|-0.128790355780827|-1.38625857027819
20181022|M1909-C-2600.DCE|豆粕期权M1909-C-2600|0.779097110809953|0.000881283191100634|7.34141613111206|-0.152686875835106|-1.3294246989517
20181022|M1909-C-2650.DCE|豆粕期权M1909-C-2650|0.728819883667021|0.000976917085207356|7.89023412434631|-0.174498256462462|-1.24258017353895
20181022|M1909-C-2700.DCE|豆粕期权M1909-C-2700|0.674777834854112|0.00105726691293609|8.70036495334148|-0.193055596622719|-1.13657423975155
20181022|M1909-C-2750.DCE|豆粕期权M1909-C-2750|0.61805564534934|0.00111770770655424|9.33027722618363|-0.207433244021453|-1.02020182976048
20181022|M1909-C-2800.DCE|豆粕期权M1909-C-2800|0.559862828346207|0.00115516058651923|9.73610616986775|-0.217017239300232|-0.900540894406276
20181022|M1909-C-2850.DCE|豆粕期权M1909-C-2850|0.501440390508751|0.00116828526369844|9.88843848161025|-0.221543773011279|-0.782199968668351
20181022|M1909-C-2900.DCE|豆粕期权M1909-C-2900|0.443966818081313|0.00115740980848814|9.77702505061018|-0.221084771082783|-0.669234468176683
20181022|M1909-C-2950.DCE|豆粕期权M1909-C-2950|0.388509808917824|0.0011240830093808|9.6601699029577|-0.215956517626108|-0.564208562039425
20181022|M1909-C-3000.DCE|豆粕期权M1909-C-3000|0.336229497532548|0.00106993682582937|9.17226822367923|-0.206483099033997|-0.471514117066363
20181022|M1909-C-3050.DCE|豆粕期权M1909-C-3050|0.287649558370109|0.00100047570977969|8.47988005859435|-0.193788386578887|-0.388653208858614
20181022|M1909-C-3100.DCE|豆粕期权M1909-C-3100|0.24317974701052|0.000919672716469964|7.63493305619534|-0.17867853550781|-0.315969205665567
20181022|M1909-C-3150.DCE|豆粕期权M1909-C-3150|0.203534887488563|0.000830977318649477|7.19187207620564|-0.161841657669863|-0.255036855882906
20181022|M1909-P-2450.DCE|豆粕期权M1909-P-2450|-0.0960531701549551|0.000501554430075998|4.11149777790953|-0.0981647623128527|-0.115163483517478
20181022|M1909-P-2500.DCE|豆粕期权M1909-P-2500|-0.128013298322392|0.000615955558238486|5.04393482052734|-0.120308996373756|-0.161418458230145
20181022|M1909-P-2550.DCE|豆粕期权M1909-P-2550|-0.16589867378797|0.000732818357502448|6.46953684378104|-0.142782751750114|-0.220040337087113
20181022|M1909-P-2600.DCE|豆粕期权M1909-P-2600|-0.209410824025949|0.000846080840375395|7.41761073091851|-0.16436251706085|-0.291914285888595
20181022|M1909-P-2650.DCE|豆粕期权M1909-P-2650|-0.257992715376204|0.000949518899094217|7.90939486398656|-0.18379342073081|-0.377653825587743
20181022|M1909-P-2700.DCE|豆粕期权M1909-P-2700|-0.310774280089288|0.00103738211381744|8.7068292394008|-0.199918847108137|-0.477274820028128
20181022|M1909-P-2750.DCE|豆粕期权M1909-P-2750|-0.366643997317296|0.00110512659101098|9.33120356855|-0.211827415523958|-0.589422788635829
20181022|M1909-P-2800.DCE|豆粕期权M1909-P-2800|-0.424371172136105|0.00114975101113682|9.735811203754|-0.218918838117832|-0.711895847302912
20181022|M1909-P-2850.DCE|豆粕期权M1909-P-2850|-0.482699109832601|0.00116999159122962|9.88856293719209|-0.22094290095412|-0.84186814711984
20181022|M1909-P-2900.DCE|豆粕期权M1909-P-2900|-0.540438969119884|0.00116624770222361|9.77709563244389|-0.217984177467027|-0.9755436093144
20181022|M1909-P-2950.DCE|豆粕期权M1909-P-2950|-0.596513815325241|0.00114014188694615|9.64978940822903|-0.21037228324257|-1.10836657583491
20181022|M1909-P-3000.DCE|豆粕期权M1909-P-3000|-0.649717160082496|0.0010933606529449|9.15615144739945|-0.198441027220544|-1.23841683668502
20181022|M1909-P-3050.DCE|豆粕期权M1909-P-3050|-0.699568494489536|0.00103145675717857|8.45210416053988|-0.183322231288191|-1.35655651075695
20181022|M1909-P-3100.DCE|豆粕期权M1909-P-3100|-0.745662184759001|0.000958448980034425|7.58769969490913|-0.165829830113638|-1.45546683063458
20181022|M1909-P-3150.DCE|豆粕期权M1909-P-3150|-0.787239089080092|0.000877847372535121|7.08447219557229|-0.14666387025327|-1.53544545008799
